Initial Array: 324 125 456 218 102 389 275 147 
Pass 1: 125 324 456 218 102 389 275 147 
Pass 2: 125 324 218 456 102 389 275 147 
Pass 3: 125 218 324 456 102 389 275 147 
Pass 4: 125 218 324 456 102 389 275 147 
Pass 5: 125 218 324 456 102 389 147 275 
Pass 6: 125 218 324 456 102 147 275 389 
Pass 7: 102 125 147 218 275 324 389 456 

Sorted Array: 102 125 147 218 275 324 389 456

Initial Array: 324 125 456 218 102 389 275 147 
Partition 1: Pivot = 147 -> 125 102 147 218 324 389 275 456 
Partition 2: Pivot = 102 -> 102 125 147 218 324 389 275 456 
Partition 3: Pivot = 456 -> 102 125 147 218 324 389 275 456 
Partition 4: Pivot = 275 -> 102 125 147 218 275 389 324 456 
Partition 5: Pivot = 324 -> 102 125 147 218 275 324 389 456 

Sorted Array: 102 125 147 218 275 324 389 456
